tree
version=v4
num_class=1
num_tree_per_iteration=1
label_index=0
max_feature_idx=14
objective=lambdarank
feature_names=semantic_experience_similarity resume_token_len salary_ratio bm25_score salary_gap_min semantic_skill_similarity job_token_len salary_job_min salary_candidate_min requirements_coverage resume_experience_count resume_education_count education_alignment skill_recall skill_f1
feature_infos=[-0.12040221691131592:0.85026645660400391] [1:2841] [0:19.999980000000001] [-67.013975407362949:184.6664124111096] [-199999:949999] [-0.12702938914299011:0.76799166202545166] [2:223] [0:207236] [0:999999] [0:0.97560975609756095] [0:52] [0:14] [0:1] [0:0.66666666666666663] [0:0.57142857142857151]
tree_sizes=3424 3423 3421 3436 3439 3430 3421 3447

Tree=0
num_leaves=31
num_cat=0
split_feature=2 10 2 13 2 6 12 7 1 3 14 5 8 4 0 7 6 9 6 4 3 1 0 6 8 3 3 2 10 0
split_gain=26.62 7.46995 6.39512 6.32453 5.84605 5.12587 4.71689 3.50749 4.1829 3.61316 3.33951 3.60989 3.20744 4.3856 4.74323 4.71791 3.2454 3.11292 3.0946 4.38416 3.32831 5.15244 5.62987 5.00051 4.42055 4.3924 3.5402 3.2604 3.97469 3.02937
threshold=1.4516275367154257 8.5000000000000018 2.4068965517241385 0.24679487179487183 0.55629827688651223 4.5000000000000009 1.0000000180025095e-35 49367.500000000007 91.500000000000014 33.502055665872952 0.062019230769230778 0.59873664379119884 49350.000000000007 -6999.4999999999991 0.27947761118412023 43700.000000000007 40.500000000000007 0.92820512820512835 40.500000000000007 7950.0000000000009 0.68962080169360174 27.500000000000004 0.1673475652933121 16.500000000000004 29750.000000000004 0.93413184802195059 0.61134826695678612 0.85124024822695044 3.5000000000000004 0.1203003153204918
decision_type=2 2 2 2 2 2 2 2 2 2 2 2 2 2 2 2 2 2 2 2 2 2 2 2 2 2 2 2 2 2
left_child=1 3 -2 7 -3 6 -4 8 12 -10 11 -9 13 14 16 18 -1 -6 20 -20 26 22 23 -22 -23 -24 -15 -26 -29 -30
right_child=2 4 5 -5 17 -7 -8 10 9 -11 -12 -13 -14 15 -16 -17 -18 -19 19 -21 21 24 25 -25 27 -27 -28 28 29 -31
leaf_value=0.00077181036919436415 -0.011234804654788218 -0.016741624635751639 -0.07269667221725673 0.050094799387792183 0.016048765160778116 -0.01540282138473021 -0.021819205297627375 -0.001907713455535893 0.01316429612822765 0.098626054141309871 -0.032596877673246011 0.077566590905920205 -0.0084067369384085242 0.0044825287212456946 -0.015332188981976334 0.028775152513691095 0.048051994824854227 0.070405638648750435 -0.038037180029779606 0.030359459990027784 0.046748586594279544 0.058603806086313152 0.053067836243152894 -0.052315171745947443 0.073908919946929927 -0.033626943377805467 -0.045829315022393569 0.028107032328466869 -0.090067260379089839 -0.0035487963029913645
leaf_weight=153.84013445810706 227.16842782794265 14.094499588245524 11.144659095851241 6.6899141420144579 124.12754599392065 19.648870193981566 7.7052545844344413 413.59482304935227 74.054068959725555 1.2577598933130492 8.8945710327243415 1.4337841849774111 64.83603058612789 291.95893233882089 53.596253447409254 22.361907678860007 3.7172306068823664 2.6910033351741722 8.8123834691359644 3.1914084386080495 7.2734058789210412 9.5485317260026914 1.6784804454073299 1.5443470025202257 2.3436974976211813 11.276978953275828 3.5388277391903094 13.093150812317619 1.2141410268377502 6.0695830686017871
leaf_count=2478 3915 335 231 84 1947 336 130 7836 1325 5 194 13 1392 4798 951 419 52 22 119 44 89 103 27 42 31 265 52 185 29 146
internal_value=9.5946e-11 0.00293338 -0.0144284 0.00161908 0.013807 -0.0332725 -0.0518996 0.0013393 0.00342783 0.0145916 -0.00228282 -0.00163316 0.00215375 0.00330439 -0.00248346 0.00648779 0.00188729 0.0172022 0.00510929 -0.0198528 0.00596653 0.0173754 -0.00141956 0.0293985 0.0300571 -0.022395 0.00388 0.0180601 0.0116365 -0.0179708
internal_weight=1572.4 1306.73 265.667 1165.82 140.913 38.4988 18.8499 1159.13 735.207 75.3118 423.923 415.029 659.895 595.059 211.154 383.906 157.557 126.819 361.544 12.0038 349.54 54.0423 21.7732 8.81775 32.2691 12.9555 295.498 22.7206 20.3769 7.28372
internal_count=27595 22983 4612 20679 2304 697 361 20595 12552 1330 8043 7849 11222 9830 3481 6349 2530 1969 5930 163 5767 917 423 131 494 292 4850 391 360 175
is_linear=0
shrinkage=0.05


Tree=1
num_leaves=31
num_cat=0
split_feature=2 4 3 2 10 1 5 10 10 2 11 13 1 1 8 4 4 1 9 3 6 3 5 1 8 5 6 6 6 1
split_gain=40.9356 28.0054 21.3416 18.4624 22.4626 19.6061 19.2707 16.3908 24.082 15.957 16.8005 15.772 15.9373 15.1338 17.0093 14.328 14.1298 19.2719 17.1358 18.3962 17.0916 16.1583 15.3687 15.8444 19.7801 14.9367 14.4255 13.7024 13.487 19.9416
threshold=1.1253819556127376 50316.000000000007 33.502055665872952 0.6244429590017827 31.000000000000004 677.50000000000011 0.5675669014453889 9.5000000000000018 12.500000000000002 2.040994145875453 1.5000000000000002 0.068421052631578952 180.50000000000003 7.5000000000000009 19121.000000000004 -35749.999999999993 29097.000000000004 4.5000000000000009 0.43875000000000003 0.9491411989789984 40.500000000000007 2.3927926099140482 0.35226632654666906 20.500000000000004 34909.000000000007 0.3274319469928742 26.500000000000004 12.500000000000002 5.5000000000000009 186.50000000000003
decision_type=2 2 2 2 2 2 2 2 2 2 2 2 2 2 2 2 2 2 2 2 2 2 2 2 2 2 2 2 2 2
left_child=3 2 16 5 6 11 13 9 -9 -3 -11 12 -1 14 -5 -15 17 -2 19 20 26 -21 25 -24 -25 -19 28 -13 29 -18
right_child=1 7 -4 4 -6 -7 -8 8 -10 10 -12 27 -14 15 -16 -17 18 22 -20 21 -22 -23 23 24 -26 -27 -28 -29 -30 -31
leaf_value=-0.0041167238974914337 -0.047083912178688278 0.01847069005191258 0.080776458989437985 0.0372619338608184 -0.10052781504532154 -0.099943430729949975 0.042658798166830519 0.051020545473689817 -0.044732788021198254 -0.056706202327058544 0.0032450574568900444 0.022845656036694792 0.023372406604274372 0.073857888977737637 -0.011776641876986073 0.0054478601565520843 0.0032107481080351249 -0.0050022495975373532 0.027109545617137434 -0.075502648230332647 0.079967364240370792 -0.0021277253873427456 0.020839547620109884 0.029324335150985155 -0.043604111611375083 0.043518617297293567 -0.065960776816418584 -0.0933982669956782 0.024323903791407211 -0.056886187085038557
leaf_weight=739.1484713506652 28.737700395984575 10.665153398644177 7.3371617351658633 19.292790764942765 5.048768561333417 5.2517524659633628 33.634597338736057 13.833177816122772 12.499776811804621 68.702994172926992 14.081076105823739 3.5853012949228278 56.777223247219808 7.6755909025669089 211.89252508274512 2713.2248172901454 92.125291936565191 1425.1013564532623 69.974676713347435 14.556131418328734 7.2182939480990163 15.485048857517539 15.753008751198648 10.714152209460734 70.327722817892209 16.039772012038156 7.5902312053367487 8.6545893903821689 56.579751916462556 16.236553559778258
leaf_count=4909 117 53 22 59 15 22 85 54 53 500 79 21 291 20 1024 12078 591 6108 307 129 17 138 36 68 343 61 28 48 231 88
internal_value=-2.76645e-11 -0.00584315 -0.00432912 0.00303135 0.0048479 -0.00364775 0.00502609 -0.0292746 0.00556817 -0.0390929 -0.0465089 -0.00302199 -0.00215579 0.00459732 -0.00768429 0.00564084 -0.00466731 -0.00651564 0.00568323 -0.0014634 0.00458952 -0.0376808 -0.00575758 -0.0250438 -0.0339626 -0.00446222 0.0014359 -0.0593482 0.00453734 -0.00579396
internal_weight=5777.75 1973.56 1853.78 3804.19 2990.77 813.417 2985.72 119.782 26.333 93.4492 82.7841 808.166 795.926 2952.09 231.185 2720.9 1846.44 1566.67 279.766 209.791 179.75 30.0412 1537.94 96.7949 81.0419 1441.14 172.532 12.2399 164.942 108.362
internal_count=27595 9023 8284 18572 13281 5291 13266 739 107 632 579 5269 5200 13181 1083 12098 8262 6733 1529 1222 955 267 6616 447 411 6169 938 69 910 679
is_linear=0
shrinkage=0.05


Tree=2
num_leaves=31
num_cat=0
split_feature=2 0 0 1 6 3 7 2 7 7 0 6 4 5 8 6 0 0 0 1 8 4 10 8 0 3 10 1 7 8
split_gain=32.2354 21.7973 16.627 15.4315 20.9797 20.5131 18.6318 19.7187 15.8897 18.3334 14.4592 25.2448 18.6305 16.6313 15.8007 16.9586 14.9388 13.6721 25.3599 13.5394 11.804 22.2461 12.829 12.3119 11.7139 15.0036 13.2316 21.6114 12.461 11.8606
threshold=1.4516275367154257 0.49381065368652349 0.40756599605083471 8.5000000000000018 4.5000000000000009 1.0898360838477177 42416.500000000007 1.1998903057726589 24970.000000000004 26050.000000000004 0.28621919453144079 11.500000000000002 32730.000000000004 0.21160747855901721 74500.000000000015 3.5000000000000004 0.28253337740898138 0.23025666922330859 0.28495563566684728 5.5000000000000009 23842.500000000004 -19997.499999999996 1.5000000000000002 37750.000000000007 0.12788899242877963 16.664144760023181 5.5000000000000009 12.500000000000002 44750.000000000007 69500.000000000015
decision_type=2 2 2 2 2 2 2 2 2 2 2 2 2 2 2 2 2 2 2 2 2 2 2 2 2 2 2 2 2 2
left_child=2 10 3 4 5 6 17 -8 -6 -10 16 12 14 -14 15 -12 24 -1 -19 -20 -11 22 -22 -24 26 -26 27 -2 29 -29
right_child=1 -3 -4 -5 8 -7 7 -9 9 20 11 -13 13 -15 -16 -17 -18 18 19 -21 21 -23 23 -25 25 -27 -28 28 -30 -31
leaf_value=-0.0027337504361957376 0.0039191356749267367 0.048272918022172137 0.012994636912571564 0.0016931485795966832 -0.093071652154450429 0.070642222158008056 -0.025920482512196304 0.051939784350566669 0.063917487986799248 -0.056043695328392422 0.0095042777295717019 -0.068016504068169933 -0.066232549824860515 0.046271834345282641 0.057657067966707977 -0.039169615485797206 0.051967530799159029 0.066396763466961037 -0.057312858054539707 0.015530160755936599 0.05029572918216553 -0.030139633176594929 -0.053794265741140351 0.040285651121339291 -0.0027379829946781414 -0.075078919611697936 0.0030143657282090675 -0.03522746926146874 -0.0073398501255234339 -0.079522031975079274
leaf_weight=136.51282273605466 49.525683732470497 16.598545724991709 296.7491082160268 4644.7037438035477 7.7252706736326209 9.803632826311512 99.322023151442409 8.8569260928779823 6.3036439185962072 22.900145173305646 44.207544824806973 26.821380639448762 23.041314128553498 3.8311439689714453 9.6993862623348814 30.065999693237245 10.621043167542664 23.639643874252215 7.9467272581532589 32.338994241785258 16.19341313559562 82.746556072495878 8.3628871934488433 5.9529237560927859 537.33943327714223 7.2643966674804679 60.950966758653522 75.797447109594941 30.563929516123608 18.876481814659201
leaf_count=596 192 65 1497 19518 20 35 415 24 20 89 183 132 159 17 23 132 42 73 72 118 70 384 34 18 2730 47 248 370 135 137
internal_value=-4.4879e-11 -0.00851938 0.00148844 0.000820684 -0.00782697 -0.00056125 -0.00282312 -0.0195458 -0.0232317 -0.0194444 -0.00953453 -0.0244894 -0.0139571 -0.0501931 -0.00236117 -0.010199 -0.00693155 0.00620233 0.0252854 0.00116121 -0.0233039 -0.0166839 0.0198105 -0.0146731 -0.00773324 -0.00370293 -0.017045 -0.024041 -0.0350979 -0.0440591
internal_weight=6355.26 945.205 5410.06 5113.31 468.606 318.421 308.617 108.179 150.185 142.46 928.606 137.667 110.845 26.8725 83.9729 74.2735 790.939 200.438 63.9254 40.2857 136.156 113.256 30.5092 14.3158 780.318 544.604 235.715 174.764 125.238 94.6739
internal_count=27595 4612 22983 21486 1968 1333 1298 439 635 615 4547 646 514 176 338 315 3901 859 263 190 595 506 122 52 3859 2777 1082 834 642 507
is_linear=0
shrinkage=0.05


Tree=3
num_leaves=31
num_cat=0
split_feature=2 1 14 0 2 0 11 7 2 7 8 1 4 4 1 5 2 6 10 6 1 4 0 5 8 10 7 1 3 6
split_gain=22.8315 27.8936 17.6936 14.1741 22.3324 18.7012 19.7324 19.5567 19.8618 19.8 17.6626 18.431 16.4813 16.2208 15.6646 29.3178 18.8072 18.1824 15.6386 15.4201 15.0535 16.864 14.5435 14.5192 21.6646 17.4755 16.4233 15.5713 16.0341 14.255
threshold=1.0006815560448781 93.500000000000014 0.25523255813953494 0.20344878733158114 1.3314939777726071 0.12327373400330545 3.5000000000000004 30085.000000000004 1.4293594690358473 23020.000000000004 43750.000000000007 15.500000000000002 41125.000000000007 8001.5000000000009 178.50000000000003 0.049769842997193343 1.0914315569487985 2.5000000000000004 1.5000000000000002 23.500000000000004 11.500000000000002 19917.000000000004 0.14448729157447818 0.078733019530773177 39450.000000000007 9.5000000000000018 35023.000000000007 33.500000000000007 0.18070938083636437 7.5000000000000009
decision_type=2 2 2 2 2 2 2 2 2 2 2 2 2 2 2 2 2 2 2 2 2 2 2 2 2 2 2 2 2 2
left_child=1 -1 3 5 13 -2 7 8 9 -7 -9 22 -6 14 17 -16 -17 -5 -15 -10 -20 -22 -12 26 -25 -26 27 28 -19 -13
right_child=2 -3 -4 4 12 6 -8 10 19 -11 11 29 -14 18 15 16 -18 23 20 -21 21 -23 -24 24 25 -27 -28 -29 -30 -31
leaf_value=0.00031798899958319031 -0.0080249355155994021 0.011093104069563688 0.061597236338828812 -0.025977945770002488 0.001971532098442893 0.038976213720161211 -0.098761444024686437 0.033667446652803211 -0.023070000896590524 -0.0021689192265334392 0.02105931679552667 0.018658564777921573 -0.022787562337594342 0.058950441767331475 -0.087939403670544994 -0.064640907075210641 0.029926869125186974 -0.0079906446954360975 0.0084932994309311442 0.032442019192305181 -0.049386987574406176 0.013598159005116834 -0.05300857022925224 0.011001987685775462 -0.050402000833991295 0.022664238642855175 0.025170395107148871 0.023028957259769445 -0.071907065693908617 -0.00037935800811689219
leaf_weight=3085.375622741296 519.18902851932216 745.80421807535458 10.314585731830446 97.564883542479947 496.84436121198814 37.290100847370923 4.6385038653388611 72.593027729541063 138.51564195682295 135.43450563587248 9.5922769210301357 213.6907766785007 77.730064999777824 4.6173549611121407 17.974612396210432 8.0495681986212748 15.157358601689337 53.628586465492845 17.195869856514037 13.751869720406829 91.090513312490657 12.030974404886363 21.442353769904003 41.142513308674097 44.692377915140241 10.017776083201168 76.460655117873102 31.612967508845031 12.009291273308916 182.13067076122388
leaf_count=13910 2355 2809 18 338 2153 146 12 255 734 521 40 1084 469 17 50 31 35 178 45 70 517 51 156 172 218 18 259 92 89 753
internal_value=-3.04238e-11 0.00241555 -0.00375218 -0.00402663 -0.00821697 -0.000583586 0.00407636 0.00465495 -0.00489162 0.00671404 0.0108669 0.00698936 -0.00137795 -0.015586 -0.0107623 -0.0400033 -0.00287497 -0.00748224 -0.0313511 -0.0180565 -0.0348166 -0.0420386 -0.0301154 -0.000787983 -0.0164095 -0.0370231 0.00783183 -0.00580012 -0.019685 0.00989858
internal_weight=6297.58 3831.18 2466.4 2456.09 1107.82 1348.27 829.08 824.441 324.992 172.725 499.449 426.856 574.574 533.245 408.311 41.1815 23.2069 367.129 124.935 152.268 120.317 103.121 31.0346 269.564 95.8527 54.7102 173.712 97.2508 65.6379 395.821
internal_count=27595 16719 10876 10858 4732 6126 3771 3759 1471 667 2288 2033 2622 2110 1480 116 66 1364 630 804 613 568 196 1026 408 236 618 359 267 1837
is_linear=0
shrinkage=0.05


Tree=4
num_leaves=31
num_cat=0
split_feature=4 1 10 10 7 1 6 1 5 5 0 0 0 10 8 8 5 5 1 1 2 0 1 5 8 0 10 3 14 0
split_gain=15.3415 13.1478 26.4599 11.9609 20.3892 15.7711 12.4414 11.9801 11.455 18.6595 24.3374 16.7363 18.7951 15.6219 15.6812 17.7099 18.9808 14.0837 32.675 13.7295 14.6132 13.0794 20.3014 12.3895 12.0591 11.9348 11.4423 18.4846 16.6449 16.3538
threshold=12137.000000000002 205.50000000000003 15.500000000000002 1.5000000000000002 64042.500000000007 14.500000000000002 35.500000000000007 4.5000000000000009 0.012914584949612619 0.056029614061117179 0.33646024763584143 0.25645549595355993 0.029530234634876255 25.500000000000004 74500.000000000015 33500.000000000007 0.59873664379119884 0.20231955498456958 280.50000000000006 16.500000000000004 0.54044924813256545 0.40322226285934454 25.500000000000004 0.0413605384528637 47250.000000000007 0.1682638227939606 2.5000000000000004 1.6905013272531586 0.10762548262548265 0.062753200531005873
decision_type=2 2 2 2 2 2 2 2 2 2 2 2 2 2 2 2 2 2 2 2 2 2 2 2 2 2 2 2 2 2
left_child=3 2 -2 4 6 7 -1 -6 -5 11 13 12 -10 14 15 19 26 18 -16 20 -11 -12 -23 25 -24 -14 29 -28 -29 -17
right_child=1 -3 -4 8 5 -7 -8 -9 9 10 21 -13 23 -15 17 16 -18 -19 -20 -21 -22 22 24 -25 -26 -27 27 28 -30 -31
leaf_value=-0.001273210888353191 -0.0062255059276569357 0.0076206574587744068 -0.077207204442162822 0.0040255956392945477 -0.0099169703465184656 0.0004684937526675387 -0.064708069349161887 -0.071796595367678337 0.037686788143431016 0.03400546079649195 -0.03765868290224645 0.0054553594527200037 -0.05884237201309548 -0.072585282433029183 -0.048515457488371258 0.034781645832462446 0.057684191112089535 0.052087821412012292 0.0662894102622376 0.0095826415340888385 -0.035506658260679218 -0.034862077569794113 0.036497249014247349 -0.073825919732883591 -0.027959596156925223 0.0039591973968533698 -0.005063597878658563 -0.038767746150615803 0.038196181749083319 -0.0013481441082783979
leaf_weight=423.67373452498578 1040.1317753120093 176.596019741497 13.296960259322075 2778.0393634364009 11.134761163033543 21.351158285047859 7.8731825407594433 26.288177755661309 7.2774451421573749 9.7887087229173613 60.486773491487838 34.661490881815553 14.593213401734831 7.0108736958354703 14.325063688680531 34.4300746480003 12.480676863342522 29.34902152698487 10.924092978239058 586.35444763628766 33.218926909845322 32.277184145292267 27.26835875120014 25.022626179736108 9.8874022485688311 15.708071404602377 363.08755312580615 73.638895619427785 7.7658722978085271 346.79298421624117
leaf_count=1791 5877 836 85 11159 51 98 38 127 14 49 339 110 64 21 77 109 38 114 27 2362 142 196 103 97 76 51 1424 459 44 1617
internal_value=2.54198e-11 -0.00500493 -0.00712148 0.00122518 -0.0061933 -0.0338214 -0.00243052 -0.053385 0.00202737 -0.00113324 0.000114584 -0.0224183 -0.0378516 0.00187974 0.00222272 0.00124386 -0.00351561 0.0285338 0.00115507 0.0075826 -0.0196854 -0.0206614 -0.00585424 -0.0477881 0.0193448 -0.0262863 -0.00444065 -0.00989155 -0.0314255 0.00191491
internal_weight=6254.73 1230.02 1053.43 5024.71 490.321 58.7741 431.547 37.4229 4534.39 1756.35 1659.09 97.2628 62.6014 1529.17 1522.16 1467.56 838.196 54.5982 25.2492 629.362 43.0076 129.92 69.4329 55.3239 37.1558 30.3013 825.715 444.492 81.4048 381.223
internal_count=27595 6798 5962 20797 2105 276 1829 178 18692 7533 7197 336 226 6483 6462 6244 3691 218 104 2553 191 714 375 212 179 115 3653 1927 503 1726
is_linear=0
shrinkage=0.05


Tree=5
num_leaves=31
num_cat=0
split_feature=3 10 2 8 2 4 7 10 5 1 8 0 8 9 1 4 2 0 7 1 11 2 4 7 5 5 2 5 1 5
split_gain=12.6792 9.54302 18.3941 10.5439 10.2285 14.3808 14.2656 10.8456 9.52544 11.2161 9.88039 11.6178 15.0703 13.9387 17.119 10.8537 12.5719 10.0327 13.6497 9.70683 11.062 9.46139 9.768 11.1268 10.4385 12.3642 13.8435 12.1404 14.4991 11.3532
threshold=33.502055665872952 4.5000000000000009 2.5060386473429959 100400.00000000001 1.0667804687222164 2023.5000000000002 22502.000000000004 5.5000000000000009 0.49530583620071417 14.500000000000002 23131.000000000004 0.082020472735166564 22470.000000000004 0.18898809523809526 12.500000000000002 -20949.999999999996 0.43881044073598635 0.6086365580558778 26475.000000000004 7.5000000000000009 1.0000000180025095e-35 0.89987146529563 -4404.9999999999991 23020.000000000004 0.086819816380739226 0.2003225386142731 0.48720749490345144 0.37830795347690588 26.500000000000004 0.0080561335198581236
decision_type=2 2 2 2 2 2 2 2 2 2 2 2 2 2 2 2 2 2 2 2 2 2 2 2 2 2 2 2 2 2
left_child=1 2 8 -4 -3 -6 -7 -8 10 -10 11 13 21 14 15 -1 -17 -12 -19 20 -18 22 24 -24 29 -26 -27 28 -28 -13
right_child=-2 4 3 -5 5 6 7 -9 9 -11 17 12 -14 -15 -16 16 19 18 -20 -21 -22 -23 23 -25 25 26 27 -29 -30 -31
leaf_value=-0.063417918170463605 0.047475216202275454 0.0059283285112544902 -0.01809174939993155 -0.070357634638183092 -0.058386138949829948 -0.031639707980403935 0.079249542302828005 0.00026228922576911328 -0.069981312163755652 0.020203228126197344 -0.0025940866653171367 0.0030995704529856241 0.057460583362436757 -0.053996687777123499 0.019978106511127566 0.052240650983324692 -0.038134478179136587 -0.04137074190263372 0.036129105190927456 -0.051212396808259869 0.018541398368569589 -0.034002678298569816 0.016498668555849329 0.074215164076464071 0.030849625053989284 0.02927581950718406 -0.045498129044593258 -0.094551297020850134 0.029540696204109346 -0.029555077380020701
leaf_weight=11.415521471761165 14.032055624760686 1110.7548991374206 40.008964844513685 12.716535408748312 11.088869728147982 35.810328173451126 4.3770752754062405 610.20490978599992 3.6109319254755965 76.228376798331738 3625.5435671173036 291.8737267407123 14.752596684964372 15.172386698424814 47.847682859748602 7.1012185625731936 14.408589315600691 6.8728582365438333 32.775313017889857 15.904374958481638 21.391386833041906 14.226008431985973 45.703123957617208 10.21731151640415 70.910684501053765 21.846015885472298 13.242667742539203 4.9450471308082333 12.526743651367722 29.288522315211594
leaf_count=86 66 4172 281 154 26 227 17 2708 13 268 16964 1187 73 68 136 30 38 19 104 49 72 42 167 34 276 58 91 22 31 116
internal_value=-3.2626e-11 -0.000106883 -0.0013401 -0.0306974 0.002997 -0.00192528 -0.000962645 0.000824839 -0.000988933 0.0161244 -0.00130463 0.00431336 0.007634 -0.00888365 -0.00308641 -0.0188023 -0.0101413 -0.00232052 0.0226948 -0.018709 -0.00426922 0.00620606 0.00734882 0.0270441 0.00487178 0.0172275 -0.00115046 -0.0227915 -0.00902108 0.000121617
internal_weight=6246.8 6232.77 4460.53 52.7255 1772.24 661.481 650.392 614.582 4407.8 79.8393 4327.97 662.774 529.532 133.241 118.069 70.2211 58.8056 3665.19 39.6482 51.7044 35.8 514.78 500.554 55.9204 444.633 123.471 52.5605 30.7145 25.7694 321.162
internal_count=27595 27529 20379 435 7150 2978 2952 2725 19944 281 19663 2576 2097 479 411 275 189 17087 123 159 110 2024 1982 201 1781 478 202 144 122 1303
is_linear=0
shrinkage=0.05


Tree=6
num_leaves=31
num_cat=0
split_feature=5 2 1 8 5 10 10 4 4 11 1 8 1 3 5 5 3 1 1 0 8 2 0 2 2 6 1 6 8 3
split_gain=8.90831 11.8105 9.49545 17.6785 19.8736 13.2266 23.1464 24.3124 15.2782 15.694 17.6327 14.8259 18.9571 16.0963 13.9392 13.0199 12.8701 16.3024 13.9223 12.5324 12.5626 12.5165 18.1403 13.6084 15.1284 12.3327 19.4772 16.4018 12.2823 12.1762
threshold=-0.019623270258307454 0.70620204603580572 91.500000000000014 36500.000000000007 0.36904864013195043 7.5000000000000009 9.5000000000000018 -40112.499999999993 5030.0000000000009 2.5000000000000004 95.500000000000014 40002.500000000007 494.00000000000006 1.9138147534855168 0.12068947777152063 0.5675669014453889 0.80389275015368067 117.50000000000001 127.50000000000001 0.14560169726610186 34909.000000000007 0.92706692224984333 0.20124316960573199 0.88799283154121877 0.70620204603580572 3.5000000000000004 138.50000000000003 4.5000000000000009 18073.500000000004 -1.0000000180025095e-35
decision_type=2 2 2 2 2 2 2 2 2 2 2 2 2 2 2 2 2 2 2 2 2 2 2 2 2 2 2 2 2 2
left_child=1 -1 -2 19 5 8 14 -8 21 10 -10 12 -9 16 29 -6 17 -13 -19 20 28 22 23 24 -5 -23 -27 -28 -4 -7
right_child=2 -3 3 4 15 6 7 11 9 -11 -12 13 -14 -15 -16 -17 -18 18 -20 -21 -22 25 -24 -25 -26 26 27 -29 -30 -31
leaf_value=0.011448272186154712 -0.00097096843402220989 -0.077702957366629744 -0.051513486164662108 -0.048883026665632878 -0.03426513058374564 -0.069405363827038866 -0.076987838413565921 -0.0075788593575792373 0.058310061479440581 0.053503546074385622 -0.0091108162827346958 0.043282718873600662 -0.094485474574423967 0.029981996924342499 -0.047703849989291808 0.016065666807770742 -0.030384637833458458 -0.068612621127712756 0.004568848913919954 0.017501408374804531 -0.035431619408288741 0.062900742011433003 0.029503072684335642 -0.08048274735462943 0.017175743517313442 0.047725551696079192 -0.094146329085579572 0.0080823215927615984 0.011970135331042499 -0.0052691237647482132
leaf_weight=6.6446563480421892 4742.8232686294359 8.4255643091164512 8.3698763046413642 12.642877888400106 63.047523760003969 8.1282835379242879 9.285914419218896 57.564922456862405 10.348031933885066 12.378464070847256 154.30998407513835 27.327302581863478 7.0425579398870459 72.348929652012885 36.218579848995432 16.138353364542127 25.548753727227449 6.7178294348996124 199.53217455686536 308.44219269766472 22.388360414654016 25.537117286585271 46.328847420867532 6.7167612202465525 27.560871991794556 32.072789927013218 4.755681291222575 22.42532573081553 84.927599394693971 82.620021895738319
leaf_count=29 21931 37 38 61 360 24 51 205 55 31 860 96 23 292 225 52 115 23 679 1039 104 79 171 37 97 98 14 95 292 382
internal_value=-1.58209e-11 -0.038395 9.43371e-05 0.00372737 -6.82522e-06 0.00213482 -0.00285058 0.0029844 0.00960898 -0.000791949 -0.00487371 0.0048593 -0.0170521 0.00913004 -0.02148 -0.0240075 0.0033081 0.00699342 0.00218523 0.0122377 -0.00179644 0.0199513 0.00730961 -0.014604 -0.00359777 0.033854 0.0213355 -0.00980395 0.00627491 -0.0110138
internal_weight=6148.62 15.0702 6133.55 1390.73 966.598 887.412 532.335 405.368 355.077 177.036 164.658 396.082 64.6075 331.475 126.967 79.1859 259.126 233.577 206.25 424.128 115.686 178.04 93.2494 46.9205 40.2037 84.7909 59.2538 27.181 93.2975 90.7483
internal_count=27595 66 27529 5598 4125 3713 2115 1484 1598 946 915 1433 228 1205 631 412 913 798 702 1473 434 652 366 195 158 286 207 109 330 406
is_linear=0
shrinkage=0.05


Tree=7
num_leaves=31
num_cat=0
split_feature=8 1 0 3 0 0 0 5 5 1 4 6 1 4 3 4 1 8 3 9 1 0 1 4 1 6 0 0 2 4
split_gain=8.57198 17.7524 30.2148 17.9316 13.4096 20.0612 18.8164 14.3038 13.7289 10.5467 20.7508 9.73869 10.8273 9.42571 10.6575 9.91619 9.00021 29.5571 28.5147 22.3214 21.2033 30.2953 17.6346 17.3674 19.4282 17.1252 16.5884 16.015 13.2364 13.049
threshold=49050.000000000007 15.500000000000002 0.40756599605083471 -0.090799988667061113 0.28621919453144079 0.28253337740898138 0.30441799759864813 0.21299377828836444 0.095355521887540831 12.500000000000002 -15077.999999999998 18.500000000000004 14.500000000000002 42263.500000000007 -0.090799988667061113 -6000.4999999999991 22.500000000000004 34909.000000000007 2.6043718566101672 0.71008403361344552 16.500000000000004 0.23702434450387957 98.500000000000014 -2904.9999999999995 112.50000000000001 16.500000000000004 0.19130781292915347 0.42966380715370184 0.48720749490345144 -30794.499999999996
decision_type=2 2 2 2 2 2 2 2 2 2 2 2 2 2 2 2 2 2 2 2 2 2 2 2 2 2 2 2 2 2
left_child=16 2 3 -2 5 -3 7 -6 13 -5 -11 12 -12 14 15 -8 17 18 -1 22 21 26 28 -21 -25 27 -19 -23 -18 -30
right_child=1 4 -4 9 6 -7 8 -9 -10 10 11 -13 -14 -15 -16 -17 19 20 -20 23 -22 25 -24 24 -26 -27 -28 -29 29 -31
leaf_value=0.0009092124264607935 0.032747329199340987 0.00076748067235449377 0.023520430312667095 -0.015735592836678532 -0.0482590709189799 0.053335438666917881 0.015444448471700185 0.01181962253973246 -0.022424918992842824 0.027954290934303579 -0.07513287739215585 0.0014235117666999007 -0.031146449068311967 -0.048167929209980503 0.0030943213425251841 0.094529908933726856 -0.019518276692599194 0.0005174255389437057 -0.040643544052418268 0.027585805406318571 0.026266621791857271 0.034536565225075526 0.0056771208742974616 0.0098431457047538432 -0.063849197443452688 -0.018471172219468989 -0.034606564577130926 -0.010689227601780017 0.044256626134019546 -0.0037914642995246629
leaf_weight=1082.7548508218024 16.195819366723299 1391.7457347528543 49.655375075293705 219.44750215148088 46.959633304853924 18.388851450756192 10.30543724820018 12.556256677256895 65.410195097792894 10.47398077812977 31.232365767937154 8.6892724423669261 25.341804601950571 7.7354059448698527 111.93598841945641 6.4408585391938677 138.08278376620729 170.93738077953458 42.923279915936291 115.78413354698569 202.18627862515859 129.80714225675911 547.48840264684986 36.968483523931354 11.798368686810134 23.101887541823089 41.844058639602736 23.050705980043858 14.270512927323578 1442.8832546130288
leaf_count=4663 42 6900 288 1181 205 52 41 58 420 38 222 51 151 130 467 15 722 899 244 525 839 529 2018 134 72 107 192 112 51 6227
internal_value=-1.07427e-10 -0.00264673 -0.0127011 -0.0184773 -0.000474991 0.00145299 -0.0108778 -0.0355841 -0.00359234 -0.0212879 -0.0373755 -0.0478601 -0.0554296 0.00543759 0.00865994 0.0458618 0.0013369 0.0040784 -0.000675237 -0.000702771 0.0131338 0.00630329 -0.00206562 0.0170438 -0.00798555 0.0216526 -0.0063898 0.0277166 -0.00472294 -0.00332091
internal_weight=6056.4 2032.51 361.036 311.381 1671.48 1410.13 261.344 59.5159 201.828 295.185 75.7374 65.2634 56.5742 136.418 128.682 16.7463 4023.88 1716.61 1125.68 2307.28 590.927 388.741 2142.72 164.551 48.7669 175.96 212.781 152.858 1595.24 1457.15
internal_count=27595 10261 1973 1685 8288 6952 1336 263 1073 1643 462 424 373 653 523 56 17334 7585 4907 9749 2678 1839 9018 731 206 748 1091 641 7000 6278
is_linear=0
shrinkage=0.05


end of trees

feature_importances:
resume_token_len=39
semantic_experience_similarity=30
salary_ratio=24
semantic_skill_similarity=23
salary_candidate_min=22
salary_gap_min=21
job_token_len=19
bm25_score=18
resume_experience_count=17
salary_job_min=13
requirements_coverage=4
resume_education_count=4
skill_f1=3
skill_recall=2
education_alignment=1

parameters:
[boosting: gbdt]
[objective: lambdarank]
[metric: ndcg]
[tree_learner: serial]
[device_type: cpu]
[data_sample_strategy: bagging]
[data: ]
[valid: ]
[num_iterations: 200]
[learning_rate: 0.05]
[num_leaves: 31]
[num_threads: 0]
[seed: 0]
[deterministic: 0]
[force_col_wise: 0]
[force_row_wise: 0]
[histogram_pool_size: -1]
[max_depth: -1]
[min_data_in_leaf: 20]
[min_sum_hessian_in_leaf: 0.001]
[bagging_fraction: 1]
[pos_bagging_fraction: 1]
[neg_bagging_fraction: 1]
[bagging_freq: 0]
[bagging_seed: 3]
[bagging_by_query: 0]
[feature_fraction: 1]
[feature_fraction_bynode: 1]
[feature_fraction_seed: 2]
[extra_trees: 0]
[extra_seed: 6]
[early_stopping_round: 0]
[early_stopping_min_delta: 0]
[first_metric_only: 0]
[max_delta_step: 0]
[lambda_l1: 0]
[lambda_l2: 0]
[linear_lambda: 0]
[min_gain_to_split: 0]
[drop_rate: 0.1]
[max_drop: 50]
[skip_drop: 0.5]
[xgboost_dart_mode: 0]
[uniform_drop: 0]
[drop_seed: 4]
[top_rate: 0.2]
[other_rate: 0.1]
[min_data_per_group: 100]
[max_cat_threshold: 32]
[cat_l2: 10]
[cat_smooth: 10]
[max_cat_to_onehot: 4]
[top_k: 20]
[monotone_constraints: ]
[monotone_constraints_method: basic]
[monotone_penalty: 0]
[feature_contri: ]
[forcedsplits_filename: ]
[refit_decay_rate: 0.9]
[cegb_tradeoff: 1]
[cegb_penalty_split: 0]
[cegb_penalty_feature_lazy: ]
[cegb_penalty_feature_coupled: ]
[path_smooth: 0]
[interaction_constraints: ]
[verbosity: -1]
[saved_feature_importance_type: 0]
[use_quantized_grad: 0]
[num_grad_quant_bins: 4]
[quant_train_renew_leaf: 0]
[stochastic_rounding: 1]
[linear_tree: 0]
[max_bin: 255]
[max_bin_by_feature: ]
[min_data_in_bin: 3]
[bin_construct_sample_cnt: 200000]
[data_random_seed: 1]
[is_enable_sparse: 1]
[enable_bundle: 1]
[use_missing: 1]
[zero_as_missing: 0]
[feature_pre_filter: 1]
[pre_partition: 0]
[two_round: 0]
[header: 0]
[label_column: ]
[weight_column: ]
[group_column: ]
[ignore_column: ]
[categorical_feature: ]
[forcedbins_filename: ]
[precise_float_parser: 0]
[parser_config_file: ]
[objective_seed: 5]
[num_class: 1]
[is_unbalance: 0]
[scale_pos_weight: 1]
[sigmoid: 1]
[boost_from_average: 1]
[reg_sqrt: 0]
[alpha: 0.9]
[fair_c: 1]
[poisson_max_delta_step: 0.7]
[tweedie_variance_power: 1.5]
[lambdarank_truncation_level: 30]
[lambdarank_norm: 1]
[label_gain: ]
[lambdarank_position_bias_regularization: 0]
[eval_at: 3,5,10]
[multi_error_top_k: 1]
[auc_mu_weights: ]
[num_machines: 1]
[local_listen_port: 12400]
[time_out: 120]
[machine_list_filename: ]
[machines: ]
[gpu_platform_id: -1]
[gpu_device_id: -1]
[gpu_use_dp: 0]
[num_gpu: 1]

end of parameters

pandas_categorical:[]
