tree
version=v4
num_class=1
num_tree_per_iteration=1
label_index=0
max_feature_idx=27
objective=lambdarank
feature_names=resume_token_len job_token_len skill_overlap skill_precision skill_recall skill_f1 resume_experience_count resume_education_count requirements_coverage salary_gap_min salary_gap_max salary_ratio salary_candidate_min salary_candidate_max salary_job_min salary_job_max language_match_ratio schedule_match_ratio education_alignment experience_years experience_vs_requirement experience_gap_years relocation_alignment travel_alignment location_match semantic_skill_similarity semantic_experience_similarity bm25_score
feature_infos=[1:2841] [0:49] [0:23] [0:1] [0:1] [0:0.90909090909090906] [0:52] [0:14] [0:1] [-199999:949999] [-199999:949999] [0:19.999980000000001] [0:999999] [0:999999] [0:207236] [0:207236] none none none none none none none none none [-0.018316255882382393:0.94326317310333252] [-0.048421084880828857:0.90389519929885864] [-5.9718896087033446:58.231998251325159]
tree_sizes=3451 3435 3448 3413

Tree=0
num_leaves=31
num_cat=0
split_feature=11 6 4 11 11 3 26 14 3 27 14 27 25 27 0 9 11 26 26 14 1 12 26 0 4 26 6 0 0 1
split_gain=26.62 7.46995 6.49257 6.39512 5.84605 4.75311 4.95155 4.00954 3.60559 3.24416 3.2248 4.00408 4.04728 4.00239 3.54628 3.37227 5.39329 4.78006 3.96493 3.8199 3.98221 3.70357 3.57868 3.36539 3.0809 4.43173 3.02522 2.94378 3.83028 2.92192
threshold=1.4516275367154257 8.5000000000000018 0.52272727272727282 2.4068965517241385 0.55629827688651223 0.5277777777777779 0.64070352911949169 59850.000000000007 0.21132376395534294 16.596817248116821 39240.000000000007 3.1473154467956701 0.25080896914005285 8.7659420395730123 7.5000000000000009 1381.5000000000002 0.87520061278085792 0.21715526282787326 0.32347773015499121 49850.000000000007 20.500000000000004 125500.00000000001 0.32901155948638922 225.50000000000003 0.16025641025641027 0.55930510163307201 6.5000000000000009 164.50000000000003 100.50000000000001 6.5000000000000009
decision_type=2 2 2 2 2 2 2 2 2 2 2 2 2 2 2 2 2 2 2 2 2 2 2 2 2 2 2 2 2 2
left_child=1 2 5 -2 -3 6 9 -8 24 10 11 12 14 15 -1 16 17 21 -19 -18 23 -12 -20 27 25 -6 -5 28 -21 -24
right_child=3 4 -4 26 8 -7 7 -9 -10 -11 13 -13 -14 -15 -16 -17 19 18 22 20 -22 -23 29 -25 -26 -27 -28 -29 -30 -31
leaf_value=-0.0073731949260844075 -0.011234804654788218 -0.016741624635751639 0.057168773411094644 -0.040613651608391643 0.015570846078015989 -0.085212859185215678 0.048820738535707398 -0.031422219673329983 0.098659157698190642 0.078436745428924246 -0.00068487384353188097 0.045112618341898857 -0.021851112271780167 -0.10000000000000001 0.006008813257975032 -0.0085968568799670488 0.02075881432729899 -0.044643593153213312 0.084151547406019545 -0.0047374086635749565 0.083919901766083757 0.08191768387311657 0.0094514688402450673 0.039884648983213193 -0.046117019399806301 0.06880631656337971 -0.0065125721871095279 -0.046627471755316785 0.032173209739803983 -0.025831185871293839
leaf_weight=56.134545299442834 227.16842782794265 14.094499588245524 5.2364626834169021 30.210893828247208 119.48826216283487 1.5829868138534937 9.0377971029374731 1.8807048110757012 1.3441016110591579 1.3568170157959674 370.83576118847122 5.8838638457236803 15.116153759357983 1.024272582726552 419.35078414999589 121.44273107172921 48.802632958366303 10.860314357094465 0.9988438487052943 51.800850795931183 1.4715695170452807 1.361963192000984 9.4868354192003626 5.0959551653359076 1.9445398400712282 4.0416457151295608 8.2878900460200366 3.5438970952527589 8.1319651908124779 15.38263857248239
leaf_count=1000 3915 335 55 582 1879 33 113 54 10 21 6598 97 291 51 7064 2281 767 228 12 1131 17 12 146 85 42 38 115 66 124 433
internal_value=9.5946e-11 0.00293338 0.00161908 -0.0144284 0.013807 0.00136844 0.0014867 0.0349989 0.0172022 0.00116799 0.00107656 0.00411098 0.00361924 -0.00124034 0.00442897 -0.00108453 0.000644088 -0.00208077 -0.0192895 0.0100197 0.00253741 -0.000382611 -0.00864505 0.000790943 0.0163296 0.0173126 -0.0332725 -0.00234753 0.000270797 -0.0123721
internal_weight=1572.4 1306.73 1165.82 265.667 140.913 1160.58 1159 10.9185 126.819 1148.08 1146.73 496.485 490.601 650.24 475.485 649.216 527.773 408.926 36.7286 118.847 70.0442 372.198 25.8683 68.5727 125.474 123.53 38.4988 63.4767 59.9328 24.8695
internal_count=27595 22983 20679 4612 2304 20624 20591 167 1969 20424 20403 8452 8355 11951 8064 11900 9619 7429 819 2190 1423 6610 591 1406 1959 1917 697 1321 1255 579
is_linear=0
shrinkage=0.05


Tree=1
num_leaves=31
num_cat=0
split_feature=9 25 11 7 7 6 0 9 0 27 12 11 11 9 0 6 25 3 1 0 0 7 14 7 26 0 1 12 27 0
split_gain=31.4712 20.348 18.3199 22.3976 21.9605 18.2383 18.4534 14.673 17.6222 28.8498 27.3448 20.34 15.9275 15.2827 16.2691 15.12 13.9287 29.7239 11.63 11.5238 16.8629 16.2806 20.6004 12.5236 18.3713 13.1661 12.5122 10.5564 14.4477 10.394
threshold=49900.000000000007 0.50732529163360607 2.040994145875453 1.5000000000000002 2.5000000000000004 9.5000000000000018 72.500000000000014 9197.0000000000018 8.5000000000000018 0.44156610852745742 45827.000000000007 0.41736343366778156 1.3339383263047389 29097.000000000004 1.5000000000000002 31.000000000000004 0.43863520026206976 0.28991596638655465 34.500000000000007 7.5000000000000009 18.500000000000004 1.5000000000000002 27048.500000000004 1.5000000000000002 0.50841891765594494 294.50000000000006 1.0000000180025095e-35 59500.000000000007 -1.0000000180025095e-35 362.50000000000006
decision_type=2 2 2 2 2 2 2 2 2 2 2 2 2 2 2 2 2 2 2 2 2 2 2 2 2 2 2 2 2 2
left_child=7 2 27 5 -5 -4 -7 8 9 10 11 -1 15 14 -9 -10 18 -18 -16 -15 21 22 -21 -22 25 26 -25 28 -2 -30
right_child=1 -3 3 4 -6 6 -8 13 12 -11 -12 -13 -14 19 16 -17 17 -19 -20 20 23 -23 -24 24 -26 -27 -28 -29 29 -31
leaf_value=-0.038747116363625933 0.099534866742640643 0.078557435118260466 -0.060813928732106962 0.023390592568763004 -0.091893604892023847 0.082708547775499852 -0.033411794456795339 -0.080198277012507244 0.0028414481428385052 0.073662347979399509 -0.042004085223343431 -0.00077952556605216693 0.028754126004961491 0.051984308353971102 -0.0053182496468133361 -0.071572710028853403 -0.059755347899442146 0.03851131009069713 0.062612617220345043 0.033301422148308599 0.014921347322873028 0.10023092558920865 -0.05612605113007868 0.0065315165214474454 0.061950583588031675 -0.081990735784657834 -0.089703100797159374 0.0060560652260960128 -0.092530555523701638 0.098451997664120508
leaf_weight=39.144511441700161 1.384661316871642 5.0496999635361126 65.560282765596639 23.272610228974376 5.0223337700590482 4.5708978665061322 13.604362926911561 7.4421592056751242 3931.2698372567538 10.770460505969821 55.513356598094106 356.82941161445342 59.602922381367534 13.342377725988625 1042.8248606938869 6.838085356168448 30.257608955726027 10.320172287523745 6.3389725908637038 8.4416504018008691 185.80666226311587 2.3771074414253226 27.156717362231575 18.278656397480525 6.2234255075454703 9.3083720616996271 4.1432439050404346 56.110100396093912 7.6451021148823184 0.78562710247933853
leaf_count=203 1 23 532 92 21 13 50 20 17151 29 286 1486 244 97 4773 18 151 26 10 105 1122 2 218 100 11 29 28 480 272 2
internal_value=-2.20542e-11 -0.0204167 -0.0232252 -0.0355317 0.00292772 -0.0485274 -0.00420868 0.000640642 0.00203176 -0.00721092 -0.0091402 -0.00453286 0.0031005 -0.00388062 -0.00652267 0.00271224 -0.00601951 -0.0347631 -0.00490782 0.00665749 0.00434688 -0.0264597 -0.0349196 0.00957523 -0.0165973 -0.0320033 -0.0112513 -0.00231216 -0.0501495 -0.0747336
internal_weight=6015.24 183.006 177.956 112.03 28.2949 83.7355 18.1753 5832.23 4459.97 462.258 451.487 395.974 3997.71 1372.26 1097.18 3938.11 1089.74 40.5778 1049.16 275.078 261.736 37.9755 35.5984 223.76 37.9537 31.7303 22.4219 65.9255 9.81539 8.43073
internal_count=27595 1486 1463 708 113 595 63 26109 19417 2004 1975 1689 17413 6692 4980 17169 4960 177 4783 1712 1615 325 323 1290 168 157 128 755 275 274
is_linear=0
shrinkage=0.05


Tree=2
num_leaves=31
num_cat=0
split_feature=11 26 25 11 4 27 0 0 12 4 11 26 25 27 27 1 4 25 27 25 11 27 0 11 9 6 0 1 4 9
split_gain=29.4427 15.5158 12.9988 14.4289 13.2679 12.8609 12.4745 10.1376 11.3519 10.3393 17.5807 13.8461 9.24051 18.7507 14.5745 18.2853 8.61219 8.39696 8.39184 12.9819 8.22645 7.99476 7.98229 22.6087 22.3976 15.8678 13.117 19.3374 11.8893 11.3078
threshold=1.4516275367154257 0.56741762161254894 0.62720215320587169 0.87520061278085792 0.2752525252525253 0.19514364954917404 36.500000000000007 5.5000000000000009 95.000000000000014 0.17261904761904764 0.66564761904761915 0.44013802707195288 1.0000000180025095e-35 -0.04861949593385128 0.10198889813466813 8.5000000000000018 0.24264705882352944 0.65176799893379223 0.5574174618303549 0.51793137192726146 0.89987146529563 -1.0000000180025095e-35 91.500000000000014 1.0667804687222164 -17899.999999999996 23.500000000000004 80.500000000000014 1.0000000180025095e-35 0.10172413793103451 23023.000000000004
decision_type=2 2 2 2 2 2 2 2 2 2 2 2 2 2 2 2 2 2 2 2 2 2 2 2 2 2 2 2 2 2
left_child=2 12 7 4 -4 -3 -7 8 -1 22 -11 16 13 -2 -14 18 -12 -5 -16 -20 -13 -15 26 24 -24 28 -9 -28 -26 -25
right_child=1 5 3 17 -6 6 -8 9 -10 10 11 20 14 21 15 -17 -18 -19 19 -21 -22 -23 23 29 25 -27 27 -29 -30 -31
leaf_value=-0.095012132318640072 0.041264412779720601 0.077589069632750515 -0.060171291422740164 0.091656004728201984 0.027695204175180163 0.048639007445893327 -0.062107169504673779 0.0013697141747684822 -0.0076679484770428843 -0.092948415970056555 -0.050656970162163917 -0.016145766831305294 -0.056042746849191118 -0.080040715459834016 0.084036357726027813 -0.064200195661337264 0.019077646414736305 0.030313042102826121 -0.062596420111637394 0.057993332238351875 -0.08716412438544642 -0.0087901239542443384 -0.0045188465508182382 -0.0035018332506237537 0.012642354719175047 0.05585054264815708 -0.027067126427527462 0.020564108597490992 0.071621611295653212 -0.054738520727620747
leaf_weight=3.7830502749420694 18.877234950661659 9.4819858409464377 6.6299604731611934 9.5456674546003359 12.206011636182664 5.4238741239532811 4.7868898753076792 3748.0879318573279 223.10498880152591 7.0972192254848769 5.1959243654273441 9.511312204878779 25.812710987403989 3.9557479023933402 5.1250573098659542 7.3666117354296139 29.937023451551795 13.423916391097007 4.046100710751487 4.9772252524271607 7.1377233038656405 832.03812841582112 190.41765145864338 321.99132697354071 550.51467946023331 23.094020748278126 88.826940997008933 28.033475734759122 8.6794219389557821 11.14108970062807
leaf_count=39 50 30 34 21 30 32 38 16657 1137 31 28 27 105 8 11 90 109 39 50 20 45 4178 734 1225 2165 66 413 121 21 41
internal_value=-3.52268e-11 -0.0082468 0.00143491 0.0292055 -0.00323239 0.0356583 -0.00327971 0.00121405 -0.00912429 0.00168041 -0.019149 -0.00903408 -0.00920514 -0.00801452 -0.0307111 -0.000319419 0.00876437 0.0558059 0.0329413 0.00392033 -0.0465925 -0.00912727 0.00192714 0.00567296 0.0103672 0.0152352 0.000855381 -0.0156409 0.0135578 -0.00521536
internal_weight=6220.25 921.892 5298.36 41.8056 18.836 19.6927 10.2108 5256.55 226.888 5029.67 58.8792 51.782 902.199 854.871 47.3277 21.515 35.1329 22.9696 14.1484 9.02333 16.649 835.994 4970.79 1105.84 772.706 582.288 3864.95 116.86 559.194 333.132
internal_count=27595 4612 22983 124 64 100 70 22859 1176 21683 240 209 4512 4236 276 171 137 60 81 70 72 4186 21443 4252 2986 2252 17191 534 2186 1266
is_linear=0
shrinkage=0.05


Tree=3
num_leaves=31
num_cat=0
split_feature=11 0 27 12 7 9 5 4 6 12 27 0 27 14 6 8 27 0 7 0 11 14 0 12 6 12 12 11 9 0
split_gain=11.8819 11.8014 14.8594 12.5706 11.233 10.8816 10.6071 18.0861 11.5967 17.5255 18.7283 18.4928 15.6877 14.7795 18.4525 14.6083 12.9979 11.5394 10.1044 10.0604 10.709 17.1524 15.7773 14.1424 12.436 9.91396 10.8721 9.92859 14.778 14.5538
threshold=1.4516275367154257 87.500000000000014 5.2280422359310625 36500.000000000007 3.5000000000000004 -5024.9999999999991 0.24744897959183679 0.16025641025641027 6.5000000000000009 40002.500000000007 0.86944003737822761 519.50000000000011 1.847818209811559 52850.000000000007 19.500000000000004 0.72077922077922085 1.2166783735429563 345.50000000000006 1.0000000180025095e-35 89.500000000000014 1.144363142300578 36098.500000000007 248.50000000000003 56050.000000000007 3.5000000000000004 69500.000000000015 87500.000000000015 0.92149742826642522 580.00000000000011 174.50000000000003
decision_type=2 2 2 2 2 2 2 2 2 2 2 2 2 2 2 2 2 2 2 2 2 2 2 2 2 2 2 2 2 2
left_child=1 2 -1 4 18 -4 7 8 16 11 15 13 -12 17 -15 -11 19 -10 -3 -5 21 -21 23 24 -22 27 -27 -23 -29 -30
right_child=-2 3 5 6 -6 -7 -8 -9 9 10 12 -13 -14 14 -16 -17 -18 -19 -20 20 22 25 -24 -25 -26 26 -28 28 29 -31
leaf_value=-0.00064414278127607172 -0.0055150112840677704 0.05907984677618823 -0.031360262010930111 0.063841850280757229 -0.050288858727526253 0.05469920574013272 0.071092202666697149 -0.06338025746923602 -0.01971247054410229 -8.0437110482218456e-05 0.090042506961174995 -0.095072184399484796 0.011639164467630692 0.054893619802521415 -0.051067348816887938 -0.080694385577658609 -0.029519353582254038 -0.088171708755779871 0.011584039262276701 0.072550686401338008 -0.070850374066909014 -0.0054550854287845618 0.047244579769828182 -0.043540010608679416 0.023333188386145218 0.050310095140815692 -0.0011121747856165855 0.03728778092425062 0.023671851683017456 -0.052421585265900197
leaf_weight=4106.8787004985497 843.89013434736989 11.495924856513737 4.5154208387248245 9.0728078612592054 7.1660703234374514 19.691027507651597 5.4110084660351268 10.809495558962224 62.152588937897235 331.64691304182634 10.387390126707034 7.9879581816494456 16.538160688709468 13.580209016334267 5.8910323083400717 5.7166531160473815 20.146569562610239 6.8320389986038199 432.00769004691392 12.506578162428921 4.1876993472687927 84.064096997724846 10.908329143654553 27.682675933232531 21.49432896124199 29.965742797357962 15.645938562229274 44.810004812199622 14.014058113563808 11.391726131085305
leaf_count=18243 4612 23 79 51 19 91 14 89 215 1218 24 21 96 63 8 11 163 18 1478 72 42 289 37 173 87 71 46 132 61 49
internal_value=8.88497e-11 0.000867551 -0.00041392 0.00515925 0.0118118 0.0386459 0.00132952 0.000843961 0.00174953 -0.00326124 0.00175635 -0.0222137 0.0418858 -0.0156343 0.0228351 -0.00144645 0.00929676 -0.0264925 0.0128152 0.0120335 0.0103346 0.0157459 -0.0075477 -0.0187478 0.00797566 0.0121918 0.032671 0.00613726 0.0200159 -0.0104478
internal_weight=6208.49 5364.6 4131.09 1233.51 450.67 24.2064 782.844 777.433 766.624 460.733 364.289 96.4438 26.9256 88.4559 19.4712 337.364 305.891 68.9846 443.504 285.744 276.671 212.398 64.273 53.3647 25.682 199.892 45.6117 154.28 70.2158 25.4058
internal_count=27595 22983 18413 4570 1520 170 3050 3036 2947 1674 1349 325 120 304 71 1229 1273 233 1501 1110 1059 720 339 302 129 648 117 531 242 110
is_linear=0
shrinkage=0.05


end of trees

feature_importances:
resume_token_len=21
salary_ratio=15
bm25_score=14
salary_candidate_min=9
resume_experience_count=8
salary_gap_min=8
semantic_experience_similarity=8
skill_recall=7
semantic_skill_similarity=7
job_token_len=6
resume_education_count=6
salary_job_min=6
skill_precision=3
skill_f1=1
requirements_coverage=1

parameters:
[boosting: gbdt]
[objective: lambdarank]
[metric: ndcg]
[tree_learner: serial]
[device_type: cpu]
[data_sample_strategy: bagging]
[data: ]
[valid: ]
[num_iterations: 500]
[learning_rate: 0.05]
[num_leaves: 31]
[num_threads: 0]
[seed: 0]
[deterministic: 0]
[force_col_wise: 0]
[force_row_wise: 0]
[histogram_pool_size: -1]
[max_depth: -1]
[min_data_in_leaf: 20]
[min_sum_hessian_in_leaf: 0.001]
[bagging_fraction: 1]
[pos_bagging_fraction: 1]
[neg_bagging_fraction: 1]
[bagging_freq: 0]
[bagging_seed: 3]
[bagging_by_query: 0]
[feature_fraction: 1]
[feature_fraction_bynode: 1]
[feature_fraction_seed: 2]
[extra_trees: 0]
[extra_seed: 6]
[early_stopping_round: 0]
[early_stopping_min_delta: 0]
[first_metric_only: 0]
[max_delta_step: 0]
[lambda_l1: 0]
[lambda_l2: 0]
[linear_lambda: 0]
[min_gain_to_split: 0]
[drop_rate: 0.1]
[max_drop: 50]
[skip_drop: 0.5]
[xgboost_dart_mode: 0]
[uniform_drop: 0]
[drop_seed: 4]
[top_rate: 0.2]
[other_rate: 0.1]
[min_data_per_group: 100]
[max_cat_threshold: 32]
[cat_l2: 10]
[cat_smooth: 10]
[max_cat_to_onehot: 4]
[top_k: 20]
[monotone_constraints: ]
[monotone_constraints_method: basic]
[monotone_penalty: 0]
[feature_contri: ]
[forcedsplits_filename: ]
[refit_decay_rate: 0.9]
[cegb_tradeoff: 1]
[cegb_penalty_split: 0]
[cegb_penalty_feature_lazy: ]
[cegb_penalty_feature_coupled: ]
[path_smooth: 0]
[interaction_constraints: ]
[verbosity: -1]
[saved_feature_importance_type: 0]
[use_quantized_grad: 0]
[num_grad_quant_bins: 4]
[quant_train_renew_leaf: 0]
[stochastic_rounding: 1]
[linear_tree: 0]
[max_bin: 255]
[max_bin_by_feature: ]
[min_data_in_bin: 3]
[bin_construct_sample_cnt: 200000]
[data_random_seed: 1]
[is_enable_sparse: 1]
[enable_bundle: 1]
[use_missing: 1]
[zero_as_missing: 0]
[feature_pre_filter: 1]
[pre_partition: 0]
[two_round: 0]
[header: 0]
[label_column: ]
[weight_column: ]
[group_column: ]
[ignore_column: ]
[categorical_feature: ]
[forcedbins_filename: ]
[precise_float_parser: 0]
[parser_config_file: ]
[objective_seed: 5]
[num_class: 1]
[is_unbalance: 0]
[scale_pos_weight: 1]
[sigmoid: 1]
[boost_from_average: 1]
[reg_sqrt: 0]
[alpha: 0.9]
[fair_c: 1]
[poisson_max_delta_step: 0.7]
[tweedie_variance_power: 1.5]
[lambdarank_truncation_level: 30]
[lambdarank_norm: 1]
[label_gain: ]
[lambdarank_position_bias_regularization: 0]
[eval_at: 3,5,10]
[multi_error_top_k: 1]
[auc_mu_weights: ]
[num_machines: 1]
[local_listen_port: 12400]
[time_out: 120]
[machine_list_filename: ]
[machines: ]
[gpu_platform_id: -1]
[gpu_device_id: -1]
[gpu_use_dp: 0]
[num_gpu: 1]

end of parameters

pandas_categorical:[]
