tree
version=v4
num_class=1
num_tree_per_iteration=1
label_index=0
max_feature_idx=9
objective=lambdarank
feature_names=resume_token_len job_token_len skill_overlap skill_precision skill_recall skill_f1 resume_experience_count resume_education_count requirements_coverage bm25_score
feature_infos=[1:2102] [0:33] [0:18] [0:1] [0:1] [0:1] [0:52] [0:14] [0:1] [-13.321919964950656:32.894629537287528]
tree_sizes=3413 3423 3375 3405 3393 3415 3387

Tree=0
num_leaves=31
num_cat=0
split_feature=6 0 0 2 8 9 9 9 9 0 7 6 6 7 0 4 0 7 5 6 9 0 4 0 6 1 7 1 6 3
split_gain=5.38819 5.41462 2.63797 2.61604 2.58294 3.89306 3.02727 5.27117 2.80639 2.27665 2.93893 2.83506 4.55326 3.28075 2.41854 2.23466 2.13238 3.68343 3.06483 2.85144 2.61899 3.86931 2.55355 2.05527 2.05204 1.94544 1.80899 1.74395 1.7304 1.68428
threshold=5.5000000000000009 377.50000000000006 21.500000000000004 2.5000000000000004 0.64583333333333337 1.3043832476817634 0.42290404628382128 0.31752416981355991 6.2466348603734385 290.00000000000006 1.5000000000000002 6.5000000000000009 9.5000000000000018 1.5000000000000002 335.50000000000006 0.79166666666666685 5.5000000000000009 1.0000000180025095e-35 0.19201228878648238 1.0000000180025095e-35 2.6121347987987531 18.500000000000004 0.39444444444444454 170.50000000000003 16.500000000000004 1.0000000180025095e-35 1.0000000180025095e-35 1.0000000180025095e-35 19.000000000000004 0.16397849462365593
decision_type=2 2 2 2 2 2 2 2 2 2 2 2 2 2 2 2 2 2 2 2 2 2 2 2 2 2 2 2 2 2
left_child=15 2 -2 4 5 6 7 9 -6 11 -11 23 13 -13 -12 16 19 -18 20 26 22 -22 29 -4 -3 -21 27 -1 -26 -19
right_child=1 24 3 -5 8 -7 -8 -9 -10 10 14 12 -14 -15 -16 -17 17 18 -20 25 21 -23 -24 -25 28 -27 -28 -29 -30 -31
leaf_value=-0.011277321665067008 -0.038569946483205893 -0.042788306514194102 0.024238386455978412 -0.041986706822660556 0.053239682308822402 -0.071945422699326203 0.051381454860404734 -0.10000000000000001 -0.03685322419533487 0.062993836779527329 0.040963924196296159 -0.0073990838982902407 0.01325123880130126 -0.062887703647915905 -0.036211502886865171 0.071025459898951912 0.02062956025647382 -0.003982917186210016 -0.073317639977887483 -0.04647392541934308 -0.078826766801471215 0.037471053509791671 -0.086563509187039311 -0.026661228693198941 0.048237934819532695 0.014040558650207771 0.010794689514301709 -0.094262261615933873 -0.018950186097988254 0.057195965413106523
leaf_weight=2.4179245955310757 2.5631245027761898 6.5382851311587711 32.664986979681998 2.1479041816201052 6.7241059545776798 1.3726968290284265 4.8538513301173216 1.059002459514885 0.99189340113662172 4.773570539429782 2.191342884209007 17.156941306893717 38.454546876251698 3.1534357365162569 1.891353210667148 1.0106205135816697 16.460895098629408 303.96951432683272 1.5699716529343266 8.8890558758575917 0.79752729926258226 6.9288047950249165 0.93385135900461946 2.1114628382492802 1.3550290963612495 1.5614192470675323 8.4085451746359485 0.85767728090286244 3.2730661048553884 1.129174650646745
leaf_count=56 67 168 607 48 125 37 68 26 33 62 27 384 700 112 36 19 327 6695 51 288 24 187 16 61 17 28 151 30 62 16
internal_value=3.13494e-10 0.00857205 0.0116196 0.0126957 0.0136962 0.0117291 0.0127896 0.010979 0.0416582 0.0121267 0.0363565 0.00983271 0.00313644 -0.0160144 0.00521157 -0.00321877 -0.00343077 -0.00242835 -0.00363202 -0.0184567 -0.00328334 0.0254666 -0.00400918 0.021148 -0.024755 -0.0374324 -0.00148463 -0.0330059 0.000721375 -0.00375649
internal_weight=488.212 133.277 122.11 119.547 117.399 109.683 108.31 103.457 7.716 102.398 8.85627 93.5414 58.7649 20.3104 4.0827 354.935 353.924 331.79 315.329 22.1346 313.759 7.72633 306.033 34.7764 11.1664 10.4505 11.6841 3.2756 4.6281 305.099
internal_count=10528 2640 2393 2326 2278 2120 2083 2015 158 1989 125 1864 1196 496 63 7888 7869 7316 6989 553 6938 211 6727 668 247 316 237 86 79 6711
is_linear=0
shrinkage=0.05


Tree=1
num_leaves=31
num_cat=0
split_feature=0 0 0 5 0 0 5 4 3 0 9 9 9 9 0 0 1 0 1 0 9 0 0 3 7 6 0 6 7 9
split_gain=23.4967 12.5122 11.6466 9.57018 9.33469 11.7841 7.49385 8.08043 10.7563 8.1335 7.74968 7.38295 11.2296 11.4404 9.28119 12.6693 38.8067 20.3567 14.1973 8.8973 13.3553 10.201 13.5957 7.34351 7.16373 6.83809 7.85917 7.96515 5.93894 5.77831
threshold=33.500000000000007 32.500000000000007 502.50000000000006 0.076197387518142243 463.50000000000006 387.50000000000006 0.36602870813397131 0.069047619047619066 0.065503432494279187 36.500000000000007 7.5567652557790614 0.96967858229698678 0.80466144290559638 0.7603515365770056 148.50000000000003 103.50000000000001 1.0000000180025095e-35 96.500000000000014 2.5000000000000004 72.500000000000014 1.0803898065618995 148.50000000000003 101.50000000000001 0.069047619047619066 2.5000000000000004 9.5000000000000018 19.500000000000004 4.5000000000000009 1.0000000180025095e-35 0.4048322046386576
decision_type=2 2 2 2 2 2 2 2 2 2 2 2 2 2 2 2 2 2 2 2 2 2 2 2 2 2 2 2 2 2
left_child=1 3 4 25 5 6 7 9 -9 -2 23 12 13 14 15 17 -17 18 24 -13 -21 22 -22 -10 -11 26 29 28 -28 -1
right_child=2 -3 -4 -5 -6 -7 -8 8 10 11 -12 19 -14 -15 -16 16 -18 -19 -20 20 21 -23 -24 -25 -26 -27 27 -29 -30 -31
leaf_value=-0.0044967275065699672 0.027158118908743076 -0.057380563519978112 -0.028027125381063441 0.042698650649369008 0.081096842765448096 -0.070156582166301884 0.06543598897016166 -0.056986042935268426 0.049476118868715321 0.0040517481205784812 0.060741455031120599 0.046735285508286116 -0.081883527074708543 0.078174910264527983 0.013954738409411664 -0.033454142397971683 0.050256460228118693 0.042168772820240522 -0.048435263671189416 0.087160640141915657 -0.046965975960508666 -0.067755079723426134 0.051193344076043847 -0.024392766402372951 -0.053570181277260411 0.038342248402710805 0.0088053429176646776 0.0051416051655696765 -0.020884342560436794 0.01794054860449347
leaf_weight=469.22652043731068 48.005363637115806 11.83989238552749 25.240128272911534 10.126989173004402 4.1649010160472235 5.0417144021484992 5.3614770253188899 11.401704610325394 4.1077814474701944 392.37551166303456 4.5085392149630925 23.719092102721334 3.7249119803309432 5.32464625686407 194.63953244569711 68.114478385541588 17.376734487712383 33.315936868079007 13.740262172184883 4.0115151815116432 6.0770090883597758 5.9481891789473584 8.4086807917337847 18.594032075256109 5.4690936831757417 8.5076137408614141 18.526246804278344 44.582504392135888 185.46496786945499 30.563698149984702
leaf_count=3167 359 132 164 42 25 73 18 80 14 2328 46 133 28 8 921 472 58 131 83 7 59 48 41 117 30 43 53 194 1469 185
internal_value=-2.0305e-10 -0.0063728 0.00546224 -0.00558541 0.00641905 0.00606532 0.0065049 0.00614125 -0.0162179 0.0071811 0.000864834 0.00595513 0.00471089 0.00515253 0.00461626 0.00118928 -0.0164393 0.00457676 0.00153386 0.0249188 0.00375048 -0.0126243 0.0100137 -0.0110266 0.00325963 -0.00623146 -0.00673818 -0.0140037 -0.018188 -0.00312462
internal_weight=1687.51 778.838 908.671 766.999 883.431 879.266 874.224 868.863 38.6121 830.251 27.2104 782.246 734.081 730.356 725.032 530.392 85.4912 444.901 411.585 48.1645 24.4454 20.4339 14.4857 22.7018 397.845 756.872 748.364 248.574 203.991 499.79
internal_count=10528 5285 5243 5153 5079 5054 4981 4963 257 4706 177 4347 4059 4031 4023 3102 530 2572 2441 288 155 148 100 131 2358 5111 5068 1716 1522 3352
is_linear=0
shrinkage=0.05


Tree=2
num_leaves=31
num_cat=0
split_feature=6 9 0 9 7 0 0 9 0 0 7 0 1 9 0 0 0 6 0 6 6 0 0 0 0 0 0 0 1 0
split_gain=10.4809 8.21355 7.94315 10.392 9.92716 7.69662 10.8206 6.53405 6.243 6.67301 5.90866 6.77452 7.00414 9.39708 5.7768 4.89348 4.87272 9.49219 5.61777 5.08324 4.66817 4.66236 4.65452 4.37583 4.20761 6.23333 5.98698 4.40616 4.18711 4.01727
threshold=5.5000000000000009 0.42290404628382128 77.500000000000014 4.8060473714428875 1.5000000000000002 236.50000000000003 307.00000000000006 0.24841657589199809 182.50000000000003 80.500000000000014 1.5000000000000002 61.500000000000007 15.500000000000002 2.1170684857915067 76.500000000000014 176.50000000000003 377.50000000000006 12.500000000000002 678.00000000000011 22.500000000000004 23.500000000000004 11.500000000000002 66.500000000000014 522.50000000000011 108.50000000000001 121.50000000000001 155.50000000000003 166.50000000000003 2.5000000000000004 26.500000000000004
decision_type=2 2 2 2 2 2 2 2 2 2 2 2 2 2 2 2 2 2 2 2 2 2 2 2 2 2 2 2 2 2
left_child=2 16 3 4 14 8 -7 21 9 -4 11 28 13 -13 -1 24 20 18 -18 23 29 -6 -23 -19 -11 -26 -27 -28 -3 -2
right_child=1 10 5 -5 7 6 -8 -9 -10 15 -12 12 -14 -15 -16 -17 17 19 -20 -21 -22 22 -24 -25 25 26 27 -29 -30 -31
leaf_value=-0.0032089171878154315 -0.018343853643830167 0.076790994181322181 -0.057860352924601149 0.045075520696923978 0.059806787375894156 0.03875763640222963 -0.048936032846487308 -0.048043588408793525 -0.052544389352215629 -0.0058374614330795717 0.044682649574099419 0.0012971449754601715 0.036987115719123678 -0.080591595162000901 0.058923383731156111 0.047397244290906623 -0.078889968975238839 0.051462461655015258 -0.0053170502300960891 -0.041506130593533273 0.042340526245717408 0.012166827644136496 0.071410919743062587 -0.002603080890213539 -0.061338514757074226 0.0068918798047155148 -0.082631822734708649 -0.011431043915383313 0.014240049268812081 0.0051074874763015607
leaf_weight=990.1276321024925 19.038473294116557 5.3825303968042117 8.2578123360872251 12.01606343500316 6.6189432814717284 13.703200479969384 4.7325038323178878 3.7279522139579049 12.075520800892262 64.839091781526804 20.736078207846731 15.746759124100214 8.5770032713189703 4.5058164098300031 3.7552279867231837 3.451795393601059 7.1879389563109743 6.115587106440219 4.0601505301892757 4.5719166905619195 8.14138331171125 57.054671233752742 3.5198451627511522 9.6445246990770084 9.7464876007288677 13.877319983206691 4.225199385546146 4.4732887391000986 5.3194012381136417 447.45251192501746
leaf_count=6370 107 13 114 73 12 43 40 44 195 323 85 79 50 62 21 17 86 31 18 27 32 352 17 45 75 137 29 26 47 1958
internal_value=1.19334e-10 0.00561749 -0.0026165 -0.00116273 -0.00168452 -0.0138478 0.0162464 0.0163883 -0.0184351 -0.0146518 0.0230664 0.0117277 -0.000883346 -0.0169216 -0.00297416 -0.0111054 0.0035401 -0.0154778 -0.0523328 0.00491122 0.00480547 0.0199631 0.0156094 0.0183766 -0.0131838 -0.0279208 -0.0134936 -0.0460161 0.0457 0.00415039
internal_weight=1782.68 566.48 1216.2 1076.82 1064.8 139.382 18.4357 70.9214 120.947 108.871 60.2676 39.5315 28.8296 20.2526 993.883 100.613 506.212 31.5801 11.2481 20.332 474.632 67.1935 60.5745 15.7601 97.1614 32.3223 22.5758 8.69849 10.7019 466.491
internal_count=10528 2640 7888 6889 6816 999 83 425 916 721 336 251 191 141 6391 607 2304 207 104 103 2097 381 369 76 590 267 192 55 60 2065
is_linear=0
shrinkage=0.05


Tree=3
num_leaves=31
num_cat=0
split_feature=0 4 0 0 4 0 0 8 1 9 6 0 9 5 7 0 1 4 0 0 6 0 0 0 7 6 6 0 0 0
split_gain=7.98035 6.45142 6.81251 9.01779 6.27215 5.89281 5.80085 4.19452 4.50381 15.3425 8.22183 6.11097 12.1373 4.96081 4.40471 5.44051 4.13897 6.28685 5.68093 14.5144 6.58715 5.87058 14.2978 13.9068 7.86302 10.6417 6.57181 6.16812 5.38799 8.96198
threshold=95.500000000000014 0.47500000000000003 502.50000000000006 463.50000000000006 0.27922077922077926 377.50000000000006 642.50000000000011 0.70833333333333337 4.5000000000000009 1.2416802930456259 2.5000000000000004 41.500000000000007 2.0469881842805635 0.085144927536231887 1.0000000180025095e-35 16.500000000000004 1.0000000180025095e-35 0.069047619047619066 148.50000000000003 103.50000000000001 12.500000000000002 188.50000000000003 184.50000000000003 196.50000000000003 1.5000000000000002 12.500000000000002 3.5000000000000004 252.50000000000003 166.50000000000003 236.50000000000003
decision_type=2 2 2 2 2 2 2 2 2 2 2 2 2 2 2 2 2 2 2 2 2 2 2 2 2 2 2 2 2 2
left_child=7 2 3 4 5 16 -4 8 9 -1 11 12 13 -10 -12 -16 18 28 19 -2 -21 22 -20 -23 26 27 -25 -26 -18 -30
right_child=1 -3 6 -5 -6 -7 -8 -9 10 -11 14 -13 -14 -15 15 -17 17 -19 21 20 -22 23 -24 24 25 -27 -28 -29 29 -31
leaf_value=-0.0019972166546586103 0.014756459528889848 -0.057234039604199788 -0.068234768778129881 0.06371859835094433 0.065303531766025893 -0.041530609244421861 -0.0061229243988014971 0.01302604238163152 -0.0083534464042988379 0.063277260842760516 -0.099410443159096959 0.024956006407885936 -0.075355156041303051 0.047537858972205076 0.03439765775116338 -0.04263534362641673 0.033157548384152434 -0.026567711536156287 0.0096411414289228475 -0.017979467757820888 -0.075080420163780359 -0.069911952899728597 0.066800024924728113 -0.039300150932802098 0.002913621576389012 0.026353715046970094 0.019662432739645273 -0.059385058870117552 -0.035468064695336997 0.021380213978913119
leaf_weight=1198.1607137245883 44.889305543154478 3.9633043173234901 4.9694774753879782 7.2297938985284409 4.6060303663834921 6.2529100219253442 15.433721391018478 45.911938243079931 53.581656886264682 9.0703520961105806 2.7364058122038868 13.908689832314847 6.6879943627864114 4.2878305837512007 2.6822284786030677 15.756846954580395 42.63828096864745 7.5895151374861589 54.521514923544601 42.013398827519268 5.7408340219408265 6.2714081378653637 13.687217092141507 5.0832670032978049 5.9492552741430762 9.6898397235199791 67.193957791198045 11.961557373404501 9.273251796141265 27.468999209813774
leaf_count=7440 128 32 68 25 36 76 90 267 356 33 6 89 73 10 10 141 168 55 237 439 33 38 31 114 42 48 235 56 84 68
internal_value=2.14399e-10 0.00623868 0.00687966 0.00842231 0.00732651 0.00658518 -0.0212511 -0.00182821 -0.00235006 -0.00150679 -0.0125669 -0.00510573 -0.0115824 -0.00421219 -0.0402146 -0.0314298 0.00743515 0.0169085 0.0043494 -0.00565604 -0.0248439 0.0096657 0.021111 0.00231124 0.00684619 -0.0158562 0.0155156 -0.0386919 0.0210652 0.00703247
internal_weight=1749.21 396.427 392.464 372.06 364.831 360.225 20.4032 1352.78 1306.87 1207.23 99.6417 78.4662 64.5575 57.8695 21.1755 18.4391 353.972 86.97 267.002 92.6435 47.7542 174.358 68.2087 106.149 99.8779 27.6007 72.2772 17.9108 79.3805 36.7423
internal_count=10528 2103 2071 1913 1888 1852 158 8425 8158 7473 685 528 439 366 157 151 1776 375 1401 600 472 801 268 533 495 146 349 98 320 152
is_linear=0
shrinkage=0.05


Tree=4
num_leaves=31
num_cat=0
split_feature=6 0 0 9 0 0 8 2 1 6 0 1 9 9 3 5 8 0 0 0 0 0 7 9 9 0 6 0 0 1
split_gain=9.53678 7.13435 8.54378 5.31605 6.7989 5.66308 9.10498 6.77422 4.55922 5.58384 6.12646 6.04284 3.92371 6.52241 4.92367 6.33755 3.95331 9.62384 3.93588 6.55844 3.61879 18.608 9.1551 5.69772 16.2013 6.74428 8.02836 7.54636 6.43467 6.22415
threshold=4.5000000000000009 275.50000000000006 282.50000000000006 0.42290404628382128 18.500000000000004 261.50000000000006 0.70833333333333337 2.5000000000000004 1.5000000000000002 7.5000000000000009 57.500000000000007 4.5000000000000009 2.755544749606071 1.8379825675470263 0.23466833541927412 0.39444444444444454 0.64583333333333337 43.500000000000007 82.500000000000014 56.500000000000007 18.500000000000004 15.500000000000002 1.5000000000000002 0.39121798982607542 0.094528866126273328 34.500000000000007 3.5000000000000004 32.500000000000007 46.500000000000007 4.5000000000000009
decision_type=2 2 2 2 2 2 2 2 2 2 2 2 2 2 2 2 2 2 2 2 2 2 2 2 2 2 2 2 2 2
left_child=1 12 -3 4 -2 7 -7 -5 -6 10 -10 -11 13 20 18 -16 -15 -18 19 -14 21 -1 -23 24 25 26 27 -22 -27 -25
right_child=3 2 -4 5 8 6 -8 -9 9 11 -12 -13 14 16 15 -17 17 -19 -20 -21 23 22 -24 29 -26 28 -28 -29 -30 -31
leaf_value=-0.0045092250633978126 -0.065982889856487731 0.093253590765206909 0.0017669487107215066 0.033734964109963447 0.005660404136640638 0.028470393633470592 -0.065644987203641508 -0.027881798935247643 -0.028847126400727088 -0.060230143889270629 0.052997676224735016 -0.0070213910770790117 0.015381694553181703 -0.076206831471869421 -0.054498891391965801 0.037238979433844244 0.057866869079839935 -0.082519575197017109 -0.018343511314812513 0.076591524554720805 -0.014951420372611707 0.016272829521406056 0.083738918925020028 -0.044167526996652551 0.042608191246177166 0.0080634762645542916 0.0053597321765351709 -0.055172159504326315 -0.0061623969309377163 -0.0050760043887803398
leaf_weight=403.7848138124973 3.4630380459129801 4.2454183436930162 6.3976657453458756 42.309340351261199 439.0126937518362 5.7608700862620008 4.6392596960067749 4.9864014708437017 3.9493761593475956 8.6360875237733143 5.4303825944662094 13.963866952806709 14.115129215642815 4.8321188371628505 4.9869425389915687 3.0243511088192463 2.438454850576818 2.4446807391941547 4.284504320472478 6.3426731163635841 151.59174426144455 90.146092407638207 5.325487815309315 19.323138190899044 17.8816625084728 117.01512587768957 47.159473540028557 12.634067573584614 247.8676377129741 21.525659091304988
leaf_count=2536 41 6 45 230 2160 30 41 35 34 35 14 38 101 61 38 15 22 29 59 33 1188 563 17 155 98 689 364 108 1611 132
internal_value=9.22698e-11 -0.00249283 0.03826 0.00556215 0.00381945 0.019893 -0.0135123 0.0272387 0.00433268 -0.0138941 0.0185367 -0.027354 -0.00286143 -0.00334997 0.0142017 -0.0198668 -0.0441439 -0.0124158 0.0252328 0.034359 -0.00300056 0.000184526 0.0200361 -0.00550477 -0.0042629 -0.00571732 -0.012824 -0.0180456 -0.00160027 -0.0235679
internal_weight=1719.52 1187.37 10.6431 532.151 474.455 57.6959 10.4001 47.2957 470.992 31.9797 9.37976 22.6 1176.72 1143.97 32.7536 8.01129 9.71525 4.88314 24.7423 20.4578 1134.25 499.256 95.4716 634.999 594.15 576.268 211.385 164.226 364.883 40.8488
internal_count=10528 7870 51 2658 2322 336 71 265 2281 121 48 73 7819 7573 246 53 112 51 193 134 7461 3116 580 4345 4058 3960 1660 1296 2300 287
is_linear=0
shrinkage=0.05


Tree=5
num_leaves=31
num_cat=0
split_feature=9 0 0 9 2 6 0 0 8 0 7 6 1 1 7 9 0 0 0 1 0 0 0 0 6 1 0 6 0 6
split_gain=5.55951 7.17929 7.56655 5.74191 5.38054 5.39024 5.12702 5.28995 4.87249 4.5099 8.4003 6.81478 7.78077 6.81198 6.71802 5.81212 5.98749 5.12611 5.45119 4.82949 5.06961 6.92375 4.48527 6.59448 9.21176 5.59941 5.88407 5.30322 8.50707 4.463
threshold=0.7603515365770056 10.500000000000002 38.500000000000007 0.79777329019920618 1.5000000000000002 9.5000000000000018 12.500000000000002 19.500000000000004 0.47222222222222227 5.5000000000000009 1.0000000180025095e-35 1.5000000000000002 3.5000000000000004 5.5000000000000009 1.0000000180025095e-35 0.46676194299186252 29.500000000000004 13.500000000000002 27.500000000000004 2.5000000000000004 57.500000000000007 12.500000000000002 78.500000000000014 331.00000000000006 12.500000000000002 1.0000000180025095e-35 67.500000000000014 11.500000000000002 290.00000000000006 6.5000000000000009
decision_type=2 2 2 2 2 2 2 2 2 2 2 2 2 2 2 2 2 2 2 2 2 2 2 2 2 2 2 2 2 2
left_child=4 -2 6 -4 5 9 -3 -8 -9 13 19 12 17 14 -1 29 -17 -12 -19 20 21 -11 25 27 -25 26 -7 -24 -29 -13
right_child=1 2 3 -5 -6 22 7 8 -10 10 11 15 -14 -15 -16 16 -18 18 -20 -21 -22 -23 23 24 -26 -27 -28 28 -30 -31
leaf_value=-0.038346328149721505 0.054343170677791125 -0.089396073178881985 0.074297982662024434 0.012486995336700966 -0.063377755970527277 0.006264027202504842 0.013081437970026749 -0.070301868074238855 -0.010075593820792069 0.028235306162046822 -0.034886697787261924 -3.90066197017988e-05 0.030674510330750516 -0.083962450380321116 -0.00094099230903159326 -0.087972737000678369 -0.015467402920396889 0.012950938769499355 -0.032838529727244221 -0.035042701811971715 0.05543190562837863 -0.0030726699472892775 0.026447955127043468 -0.050078379397431906 0.0054613051654776451 -0.054066907984000802 -0.044532703216858538 0.0013638651487349856 0.047596476348387498 -0.013061857626411695
leaf_weight=16.407080021017464 8.6303628557361645 2.0485917478799811 3.9625000581145278 72.520635849155951 3.4262490496039382 39.311748386360705 15.513350929599257 4.7568692564964321 11.422370681073515 35.958125038538128 37.374256697017699 1018.2652096606325 7.5685299024917176 3.3736977400258175 44.725567554589361 3.487179457210007 15.519352909643201 15.537029528524728 11.174623921513556 4.712449947372078 7.7611178318038574 34.701115142554045 57.996037861797959 9.8924718850757909 30.434606697410345 5.5976516716182223 6.6679057078436008 79.98074040748179 11.36370748374611 70.333409569924697
leaf_count=187 30 28 8 573 15 165 108 91 106 152 322 6472 45 42 320 27 95 124 38 31 40 150 183 72 138 44 30 320 25 547
internal_value=-4.13085e-11 0.0104268 0.00698818 0.0156893 -0.000788555 -0.000651803 -0.0127353 -0.00777996 -0.0277828 -0.00190175 -0.00124282 -0.00232575 -0.0172696 -0.014797 -0.01098 -0.00135899 -0.0287702 -0.0229318 -0.00620475 0.0141189 0.0170731 0.0128598 0.00622317 0.0097784 -0.00816291 -0.00685064 -0.00110244 0.0146232 0.00711543 -0.000880402
internal_weight=1690.42 118.855 110.224 76.4831 1571.57 1568.14 33.7412 31.6926 16.1792 1326.9 1262.39 1179.26 71.6544 64.5063 61.1326 1107.61 19.0065 64.0859 26.7117 83.1328 78.4204 70.6592 241.245 189.668 40.3271 51.5773 45.9797 149.34 91.3444 1088.6
internal_count=10528 944 914 581 9584 9569 333 305 197 8592 8043 7670 529 549 507 7141 122 484 162 373 342 302 977 738 210 239 195 528 345 7019
is_linear=0
shrinkage=0.05


Tree=6
num_leaves=31
num_cat=0
split_feature=0 0 0 1 8 8 5 0 9 0 7 0 0 6 6 0 0 0 0 9 0 6 1 0 0 9 6 1 0 0
split_gain=5.40359 8.15921 7.1589 6.58861 5.77029 5.53065 5.37393 4.46183 4.27948 3.48086 3.26782 11.877 8.91515 9.73069 7.33284 6.35979 5.32396 5.01669 4.41875 3.74489 3.34316 3.33513 3.13931 3.00637 6.617 2.9231 4.27528 2.88811 3.73735 4.58937
threshold=148.50000000000003 123.50000000000001 127.50000000000001 1.0000000180025095e-35 0.70833333333333337 0.77500000000000013 0.096399535423925681 96.500000000000014 1.0803898065618995 153.50000000000003 1.5000000000000002 174.50000000000003 176.50000000000003 5.5000000000000009 7.5000000000000009 188.50000000000003 166.50000000000003 216.50000000000003 377.50000000000006 0.5698943264101437 208.50000000000003 12.500000000000002 22.000000000000004 290.00000000000006 204.50000000000003 1.3536153961996362 3.5000000000000004 1.5000000000000002 230.00000000000003 252.50000000000003
decision_type=2 2 2 2 2 2 2 2 2 2 2 2 2 2 2 2 2 2 2 2 2 2 2 2 2 2 2 2 2 2
left_child=1 4 -3 -4 22 6 9 25 -7 -2 12 -12 13 -11 -13 -14 -15 20 27 23 -17 -20 -1 24 -16 26 -6 28 -19 -30
right_child=5 2 3 -5 7 8 -8 -9 -10 10 11 14 15 16 19 17 -18 18 21 -21 -22 -23 -24 -25 -26 -27 -28 -29 29 -31
leaf_value=-0.0011707351607496926 0.039683563571079432 -0.082308483688243839 -0.040545445431880808 0.014948581860889334 0.011064635522119025 -0.0027203036684583844 0.064081662390226252 0.04649718285850285 -0.059431892943107849 -0.082745302904248336 0.039884302740631421 -0.050052935126026821 0.040227239387702673 0.019052240255290596 0.015928343856975828 -0.0047669038166262842 -0.033815622819838811 0.059373363952723336 -0.05578417879112775 0.035642743461959406 -0.071103283493485367 0.0029902644914133682 -0.040664102573398621 0.0044088047069232713 -0.043523838724040628 0.020819973076026406 -0.03673962198982457 -0.0052605081465445895 -0.0060245472201069742 0.027765824909753559
leaf_weight=1336.3402976887301 8.1264834534376842 5.0296167349442866 12.14395385514945 9.5585039586294425 14.090629111044111 9.118762005120514 4.2779019623994818 9.4739625696092826 5.2369046388193956 4.6092991000041392 13.360015076585112 10.581598211079834 21.8242816044949 11.902867130935194 7.223603272810581 18.415530289756138 7.9376670792698851 6.8415062101557842 3.0772557656746349 5.2954034982249132 2.1177089214324942 11.192703942768274 5.0508493389934292 20.725019162986428 13.292493927758185 23.569717533420771 7.0007867817766956 9.3815414370037598 12.890754318796096 45.576686710119247
leaf_count=8597 26 70 145 51 73 29 21 33 71 50 48 91 67 45 25 188 41 38 93 14 17 67 46 103 58 167 31 33 62 128
internal_value=1.89904e-10 -0.00119769 -0.0285603 -0.016104 -0.000673548 0.00673277 0.00854587 0.0153308 -0.0234085 0.0075322 0.00637736 -0.00255612 0.0104194 -0.0173023 -0.012483 0.0155808 -0.00209878 0.0106683 0.0158101 -0.00394024 -0.0116085 -0.00968419 -0.00131944 -0.00902274 -0.0225911 0.00871949 -0.00480283 0.0206809 0.0244073 0.0203158
internal_weight=1675.26 1422.26 26.7321 21.7025 1395.53 253.006 238.65 54.1351 14.3557 234.372 226.246 70.4781 155.768 24.4498 57.1181 131.318 19.8405 109.494 88.9604 46.5365 20.5332 14.27 1341.39 41.2411 20.5161 44.6611 21.0914 74.6905 65.3089 58.4674
internal_count=10528 9213 266 196 8947 1315 1215 304 100 1194 1168 339 829 136 291 693 86 626 421 200 205 160 8643 186 83 271 104 261 228 190
is_linear=0
shrinkage=0.05


end of trees

feature_importances:
resume_token_len=96
resume_experience_count=28
bm25_score=28
job_token_len=18
resume_education_count=14
requirements_coverage=7
skill_recall=6
skill_f1=6
skill_precision=4
skill_overlap=3

parameters:
[boosting: gbdt]
[objective: lambdarank]
[metric: ndcg]
[tree_learner: serial]
[device_type: cpu]
[data_sample_strategy: bagging]
[data: ]
[valid: ]
[num_iterations: 200]
[learning_rate: 0.05]
[num_leaves: 31]
[num_threads: 0]
[seed: 0]
[deterministic: 0]
[force_col_wise: 0]
[force_row_wise: 0]
[histogram_pool_size: -1]
[max_depth: -1]
[min_data_in_leaf: 20]
[min_sum_hessian_in_leaf: 0.001]
[bagging_fraction: 1]
[pos_bagging_fraction: 1]
[neg_bagging_fraction: 1]
[bagging_freq: 0]
[bagging_seed: 3]
[bagging_by_query: 0]
[feature_fraction: 1]
[feature_fraction_bynode: 1]
[feature_fraction_seed: 2]
[extra_trees: 0]
[extra_seed: 6]
[early_stopping_round: 0]
[early_stopping_min_delta: 0]
[first_metric_only: 0]
[max_delta_step: 0]
[lambda_l1: 0]
[lambda_l2: 0]
[linear_lambda: 0]
[min_gain_to_split: 0]
[drop_rate: 0.1]
[max_drop: 50]
[skip_drop: 0.5]
[xgboost_dart_mode: 0]
[uniform_drop: 0]
[drop_seed: 4]
[top_rate: 0.2]
[other_rate: 0.1]
[min_data_per_group: 100]
[max_cat_threshold: 32]
[cat_l2: 10]
[cat_smooth: 10]
[max_cat_to_onehot: 4]
[top_k: 20]
[monotone_constraints: ]
[monotone_constraints_method: basic]
[monotone_penalty: 0]
[feature_contri: ]
[forcedsplits_filename: ]
[refit_decay_rate: 0.9]
[cegb_tradeoff: 1]
[cegb_penalty_split: 0]
[cegb_penalty_feature_lazy: ]
[cegb_penalty_feature_coupled: ]
[path_smooth: 0]
[interaction_constraints: ]
[verbosity: -1]
[saved_feature_importance_type: 0]
[use_quantized_grad: 0]
[num_grad_quant_bins: 4]
[quant_train_renew_leaf: 0]
[stochastic_rounding: 1]
[linear_tree: 0]
[max_bin: 255]
[max_bin_by_feature: ]
[min_data_in_bin: 3]
[bin_construct_sample_cnt: 200000]
[data_random_seed: 1]
[is_enable_sparse: 1]
[enable_bundle: 1]
[use_missing: 1]
[zero_as_missing: 0]
[feature_pre_filter: 1]
[pre_partition: 0]
[two_round: 0]
[header: 0]
[label_column: ]
[weight_column: ]
[group_column: ]
[ignore_column: ]
[categorical_feature: ]
[forcedbins_filename: ]
[precise_float_parser: 0]
[parser_config_file: ]
[objective_seed: 5]
[num_class: 1]
[is_unbalance: 0]
[scale_pos_weight: 1]
[sigmoid: 1]
[boost_from_average: 1]
[reg_sqrt: 0]
[alpha: 0.9]
[fair_c: 1]
[poisson_max_delta_step: 0.7]
[tweedie_variance_power: 1.5]
[lambdarank_truncation_level: 30]
[lambdarank_norm: 1]
[label_gain: ]
[lambdarank_position_bias_regularization: 0]
[eval_at: 3,5,10]
[multi_error_top_k: 1]
[auc_mu_weights: ]
[num_machines: 1]
[local_listen_port: 12400]
[time_out: 120]
[machine_list_filename: ]
[machines: ]
[gpu_platform_id: -1]
[gpu_device_id: -1]
[gpu_use_dp: 0]
[num_gpu: 1]

end of parameters

pandas_categorical:[]
